Results Table
Analysis:
Skip lists are more efficiet and faster in terms of execution time as insertion/search is faster than what it would have been if the same list was a singly/doubly linked list. In this 2 level example, I've used 1/2 probability coefficient for element to be on higher level. Even though overall execution time per instruction is faster, it uses lot more memory and we cannot say the same positive comments for memory management.
n		n^3/2		Num of Moves
6808		561732		17243228
1590		63400.9		969513
272			4485.94		30108
3123		174525		3695923
7735		680284		22764891
2009		90047.1		1504494
3850		238886		5824107
3134		175448		3902995
8363		764792		25895072
5272		382792		10440029
1113		37131.5		491018
8631		801847		28031499
776			21616.9		233788
5116		365928		9875366
7716		677779		22441217
5820		444002		12582300
7693		674751		22744743
6939		578023		18058423
5881		451000		12681110
6110		477597		14394684
7393		635669		21119583
144			1728		9377
5085		362607		9992631
177			2354.83		13426
2788		147211		3000816
5412		398141		10921987
62			488.188		2423
3871		240843		5720659
5614		420638		11919283
4894		342370		8851611
2709		140998		2753427
3221		182804		4097255
7338		628589		20850412
8036		720377		24429188
1930		84788.3		1404400
7553		656416		21136624
4263		278338		6835117
893			26685.6		326861
7934		706705		23272017
1904		83080.8		1346889
2049		92749.8		1649044
6725		551491		17268302
7037		590312		18171877
5118		366143		9791704
5455		402895		11469558
2480		123503		2350161
1009		32050.6		407127
6506		524773		15421691
7810		690203		23482024
3292		188882		4156883
8660		805892		28757332
4095		262048		6323703
1159		39457.1		531315
6564		531806		16381001
4583		310259		7850969
1033		33200.9		414605
9131		872524		31247335
9147		874819		31319659
6152		482530		14654760
9443		917624		33453572
8306		756986		25916788
3498		206885		4548373
2359		114576		2177532
1896		82557.7		1403303
5874		450195		13044737
605			14881		151597
455			9705.48		79664
3238		184253		4020116
216			3174.54		22805
8345		762324		26351484
393			7790.92		63430
2467		122533		2277340
9341		902797		33163489
7691		674488		22063728
5831		445261		12764361
5871		449850		12956473
3007		164892		3580456
5724		433061		12306809
2656		136881		2666906
7301		623840		19812469
3883		241964		5853657
4426		294454		7290965
4421		293955		7449236
3752		229823		5377031
925			28132.8		316938
5075		361538		9676566
5149		369474		9894600
2281		108940		2088277
1918		83998.8		1402887
1719		71271.2		1150553
335			6131.51		45132
537			12444		111022
8024		718764		24466920
4550		306914		7853976
608			14991.9		139743
3060		169271		3463711
1569		62149		941234
5948		458729		13060095
4645		316576		8004299
3950		248254		5769707
8574		793917		28275723
1496		57862.5		908776
3662		221604		5113437
1630		65808.4		978615
9393		910346		33075509
8303		756576		26319843
741			20171		217556
3076		170600		3785245
2890		155363		3095007
6587		534603		16474527
1185		40792.2		538652
3040		167614		3556514
3621		217893		4802661
3108		173269		3793602
8535		788507		27515029
6109		477480		14594842
2647		136186		2791140
6396		511520		15581788
7070		594469		18959112
4097		262240		6509841
4363		288189		7089171
6515		525862		16113792
267			4362.82		33488
8447		776343		26945377
9456		919520		33520813
5017		355358		9600516
9924		988622		37511587
8460		778136		26377282
3222		182889		3962180
2264		107725		1907950
2185		102136		1817409
6432		515845		15848019
8497		783246		27033105
4671		319238		8083804
5758		436926		12614846
7402		636830		20574923
6073		473266		13773296
594			14477		142939
3773		231756		5564074
4206		272775		6644084
2441		120601		2383279
9073		864224		31481841
9288		895124		32681073
8407		770835		26005585
8138		734136		25444119
8020		718227		24623253
4639		315963		8462929
1790		75732		1207443
4427		294554		7716277
5276		383228		10368591
3636		219248		5123319
6006		465455		13534441
1147		38845.9		520716
8237		747573		24891458
9737		960811		35382424
7620		665170		22010219
3465		203965		4692292
5612		420413		12335230
2691		139595		2692966
7391		635411		20705652
5149		369474		10059161
4765		328923		8677156
8639		802962		28321953
4399		291763		7272450
2008		89979.9		1552533
4140		266379		6552839
9242		888483		31810465
6342		505056		14960577
5744		435333		12648201
2163		100597		1714321
6183		486182		14129179
4545		306409		7853241
188			2577.73		17213
9260		891080		31671872
4941		347314		9181864
5105		364749		9711500
4022		255072		6381908
6424		514883		15747657
6717		550507		16960847
1371		50764		751912
2819		149673		2999175
6220		490553		14217199
1400		52383.2		727574
4932		346365		9396479
3360		194764		4289572
640			16190.9		170090
2121		97681.2		1746262
3871		240843		5680805
557			13145.7		122860
3438		201585		4534375
9318		899465		33002214
5491		406890		11419871
7574		659156		22262194
256			4096		30662
2269		108082		1979834
1234		43348.4		594458
2308		110880		1918629
1916		83867.4		1422739
2609		133263		2569647
7823		691927		23220149
8620		800315		28495638
8527		787398		27352103
2771		145866		2977681
6038		469180		13379368
1339		48997.2		702124
7848		695246		23218446
6016		466618		14034715
4507		302574		7495410
8189		741048		25888966
415			8454.19		65371
6557		530955		16379192
9415		913546		32300332
8579		794612		28044556
611			15103		147006
7692		674620		22364251
9149		875106		31468212
7500		649519		21478509
5669		426835		12076302
7646		668577		21688230
9208		883584		32105413
6378		509362		14937039
3601		216090		4844103
9503		926384		33906152
397			7910.17		66578
6265		495886		14720688
3535		210176		4684783
3274		187335		4047939
8639		802962		28649647
4476		299457		7813458
1447		55043.1		822904
9884		982651		36257784
8218		744988		25923180
6894		572410		17890022
5843		446636		13152256
475			10352.4		89905
9661		949583		35625578
8431		774138		26534904
9137		873384		31441413
153			1892.51		11958
9008		854954		29920715
4769		329337		8533771
127			1431.22		9004
54			396.817		2106
653			16686.7		177550
2531		127332		2507947
6269		496361		15025298
593			14440.5		154556
7453		643423		21144425
6657		543148		17193999
1351		49657.3		655300
6905		573780		17770192
8257		750297		26301805
164			2100.22		12736
7232		615018		19803407
892			26640.8		326428
3802		234433		5410065
3907		244211		6034205
4979		351328		9164543
7460		644330		21511473
7866		697639		23779717
3684		223604		5340088
4669		319033		8392150
2524		126804		2416496
1889		82100.9		1404633
1330		48504		693221
179			2394.86		15257
2298		110160		2042869
1346		49381.9		666514
2572		130439		2459502
1530		59846.3		960412
983			30819.8		379261
9496		925361		35098449
9344		903232		32561269
530			12201.5		120850
7410		637863		20656197
1248		44088.2		602438
2435		120157		2278630
319			5697.52		43640
7403		636959		20962064
8410		771248		26781720
350			6547.9		48872
5655		425254		11906075
1015		32337		397503
3003		164563		3511490
3627		218435		4981551
1686		69228.7		1096223
3788		233139		5392131
4060		258696		6419169
7611		663992		22112191
6895		572534		17795171
5199		374869		10359759
8294		755346		25407083
5714		431927		12010163
8137		734001		24835370
7521		652249		22040791
4566		308535		8000731
6702		548664		17381418
937			28682		336258
8874		835948		29921627
8935		844582		29971006
4807		333281		8640240
7193		610050		19801307
9718		958000		36433102
8262		750979		26247084
6558		531077		16481909
9881		982203		37498157
1359		50099		786658
4471		298956		7493467
5924		455956		13695344
8200		742542		25225126
3199		180934		4055629
9047		860512		30166655
9529		930189		34126088
8837		830725		28614052
6434		516085		15545421
4087		261280		6187391
3114		173771		3686735
2658		137035		2755066
6165		484060		14219691
6682		546210		16654043
7967		711119		23719402
6995		585035		18820251
481			10549.2		96245
800			22627.4		241591
2913		157221		3302284
9172		878408		31697697
6551		530226		16275029
9976		996402		37164899
9989		998350		37687604
4707		322936		8541888
7260		618593		19841099
2805		148559		3108050
406			8180.67		67401
1720		71333.4		1175171
7357		631032		21209153
5094		363570		10287163
9997		999550		37315725
1093		36135.2		470069
7859		696708		23935393
1680		68859.5		1127812
2113		97129.1		1708874
6538		528649		16167654
1264		44938.7		645771
8990		852392		30642041
9581		937813		34180319
5939		457688		13429779
747			20416.5		231282
126			1414.35		7897
6497		523684		15801931
7204		611449		19827483
4034		256215		6386814
6670		544739		17095104
862			25308.2		307178
8826		829174		30048468
5258		381268		10378320
3864		240190		5698485
6212		489606		14643245
3800		234248		5221618
9790		968666		36074284
9030		858088		30093122
899			26955		314903
7850		695512		23713279
5322		388251		10614780
1690		69475.2		1150140
4843		337032		8613580
2120		97612.1		1806590
6432		515845		15707138
2096		95959.3		1739688
6491		522959		16168638
3507		207684		4816072
8123		732107		24986376
1630		65808.4		1043689
7304		624225		20160683
6649		542169		16244512
4428		294653		7292139
8953		847135		30823235
6345		505414		14995737
8072		725223		25475157
602			14770.5		154534
1589		63341.1		957708
1885		81840.3		1369653
564			13394.3		134976
7786		687024		23727456
6375		509003		15364570
3251		185364		4110498
7427		640059		21306756
4084		260993		6225226
3211		181954		3879266
5465		404004		11410744
7687		673962		22659138
7832		693121		23600890
1603		64180.1		964412
2876		154235		3153406
3955		248725		6101724
1920		84130.2		1431139
7368		632447		20652077
4158		268118		6429846
1367		50542		736108
8646		803939		27613082
5593		418280		11930893
3720		226890		5323006
5297		385518		10553212
2107		96715.7		1730018
7350		630131		20461366
6557		530955		16171595
7500		649519		21023469
5807		442515		12930977
4762		328613		8398512
1624		65445.4		923957
992			31244.1		371438
7770		684907		22539581
821			23524.2		261826
1607		64420.5		1033365
2373		115597		2187610
5299		385737		10500980
7204		611449		19271822
4051		257836		6402540
8303		756576		26770905
1502		58211		861389
9518		928578		33322946
7217		613105		19924650
6233		492091		14576855
6678		545720		16244451
9323		900189		31740699
2417		118827		2273213
3543		210890		4847233
3918		245243		5895284
152			1873.98		10690
1547		60846.5		959881
6546		529620		16350457
6761		555925		17564583
580			13968.2		139173
8477		780483		27414827
459			9833.75		80611
4181		270346		6768100
9997		999550		37415362
6447		517650		15516897
6501		524168		15879880
5004		353978		9714690
7059		593082		18614886
5112		365499		9743616
5207		375735		10274056
331			6022.02		44604
6633		540213		16493351
2398		117429		2144204
2448		121120		2267500
3202		181189		3707295
5514		409449		11505239
451			9577.78		74562
6890		571912		18199529
7921		704969		24210457
5579		416711		12234285
2857		152709		3142298
7389		635153		20329730
3390		197378		4129477
4644		316474		7958929
8687		809664		29194825
6168		484414		14601422
5765		437723		12509735
8254		749889		25536997
9229		886609		32591889
6086		474786		14603673
7527		653030		21600489
5010		354615		9832209
8658		805613		28564335
5279		383555		10596428
2988		163332		3501368
9801		970299		36406477
8897		839200		29636997
9052		861225		30339418
4949		348158		9009045
5002		353766		9566969
4108		263297		6319909
6304		500523		14986806
2408		118164		2248277
7723		678702		21892718
9446		918062		32890859
3897		243274		5703717
4400		291863		6959816
7230		614763		19603288
8741		817225		29087029
1595		63700.2		977310
6026		467782		13888555
5903		453533		13621959
9666		950321		34896819
1867		80670.8		1365684
6482		521871		15811895
2663		137422		2736421
3443		202025		4550594
499			11146.8		95905
1290		46332.4		665415
1489		57456.9		907055
6675		545352		17001534
7336		628332		20307359
2466		122459		2229520
3727		227530		5260931
8982		851255		29510351
7996		715005		24022940
2447		121046		2237470
4145		266862		6572855
7173		607507		19367900
15			58.0948		246
5197		374653		10389122
5789		440459		12755531
2448		121120		2270325
9325		900478		32640191
3211		181954		4041247
8794		824669		28901002
5896		452727		13182845
4940		347209		9463668
3758		230375		5240531
1317		47794.6		665842
9207		883440		32537751
2346		113630		2045551
3443		202025		4408736
8314		758080		26240008
8749		818347		28490700
9285		894691		32780338
221			3285.4		19628
5908		454110		13171409
6656		543025		16797270
9080		865224		30886094
9740		961255		35589433
513			11619.2		114823
4637		315759		8209999
3634		219067		5151398
1003		31765.2		400558
2720		141858		2781602
8377		766713		26323577
2063		93702		1626879
8147		735354		24931755
3004		164646		3476891
1851		79636		1369407
8532		788091		27855451
5985		463016		13281784
1304		47088.7		657451
9905		985784		37295719
9676		951796		35599261
5490		406779		11583945
9938		990714		37871552
5380		394615		10676200
2661		137267		2732220
2961		161123		3308510
5138		368291		9871741
784			21952		240144
5977		462088		13601973
2729		142563		2911848
5111		365392		9609285
433			9010.15		79147
902			27090		303373
4754		327785		8788599
3705		225519		5120920
8847		832135		29653470
3627		218435		4864697
8579		794612		27720331
1748		73082.3		1178235
530			12201.5		116839
8788		823825		28833319
1290		46332.4		699458
1288		46224.7		633156
940			28819.9		345686
1324		48176.1		670921
6176		485357		14659368
958			29651.6		397005
7533		653811		21474562
3746		229272		5419417
4647		316781		8472584
7144		603826		19586393
1524		59494.6		898523
8958		847845		30173122
3816		235729		5646456
4438		295652		7721908
8615		799619		27759564
8785		823403		29288075
5932		456880		13254606
6686		546701		17078887
9013		855666		31047871
6602		536430		15741133
6395		511400		15745211
6647		541924		17169525
5908		454110		13149530
8804		826076		29697831
2680		138740		2662477
8977		850544		30774833
4657		317804		8201119
5211		376168		10725647
7188		609414		19424216
6659		543392		16567350
2968		161695		3392574
3245		184851		3977499
2225		104953		1893170
4276		279612		7000482
7506		650299		20945226
7462		644589		21284625
8491		782417		27751392
9835		975352		35061334
9770		965699		35656549
3172		178649		3929827
7782		686494		23575336
6287		498500		14760503
5464		403893		11644561
8671		807428		28621383
2343		113412		2147421
4663		318418		8464270
2364		114940		2075874
2453		121492		2356970
78			688.877		3001
7334		628075		20282416
996			31433.2		398541
2591		131887		2660906
7053		592326		18562941
8404		770423		26323416
1785		75414.9		1225119
3760		230559		5609230
3889		242525		6010874
939			28773.9		333680
3526		209374		4918214
4743		326648		8367371
4767		329130		8425994
474			10319.7		92663
5345		390770		10947398
1253		44353.4		583805
577			13860		132824
2113		97129.1		1782379
725			19521.2		210873
4873		340169		9245180
880			26105		311234
5787		440231		12619244
4825		335155		9241551
1930		84788.3		1403350
3757		230283		5253371
117			1265.55		6549
1534		60081.1		929121
8269		751934		25301105
1464		56015.9		827263
5253		380725		10223240
4878		340693		9229163
4137		266090		6580989
32			181.019		682
8145		735083		24725927
8226		746076		26472177
1339		48997.2		709376
7396		636056		20739579
4109		263393		6241575
472			10254.5		96154
5988		463364		13648008
1601		64060		992425
3422		200180		4454513
4686		320777		7860028
5845		446865		13052235
4850		337763		8874493
7631		666611		21377415
6853		567311		17362846
4290		280987		7034349
5314		387376		10879868
8424		773175		26352377
1966		87171.7		1502726
5470		404558		11263449
6320		502430		15399740
6323		502788		15250938
8650		804497		28192730
7292		622687		19879029
8969		849407		30544383
6543		529256		16650266
1212		42194.3		626196
5055		359403		9610086
5919		455378		13167600
7668		671465		22442627
5511		409115		11660140
5233		378552		10566099
4263		278338		6736332
9203		882865		31368741
3567		213037		4781257
8553		791002		27758897
9970		995503		37685052
9114		870089		32195011
7307		624610		20940692
5753		436357		12607511
2762		145156		2857984
5475		405113		11792426
7042		590941		18998216
5598		418841		11704303
9041		859656		30972670
796			22457.9		245964
1919		84064.5		1389192
9832		974906		35930413
5667		426609		12169556
3934		246747		5738258
5787		440231		12674381
7680		673041		22439413
1237		43506.5		595780
2208		103753		1952177
8243		748390		26615667
4409		292759		7491195
7939		707373		23756458
6838		565449		18027368
907			27315.6		324468
3786		232954		5530463
4144		266765		6495499
5393		396046		10542630
8119		731567		25149487
2965		161450		3390412
2727		142406		2701107
3791		233416		5194322
4244		276480		7100882
166			2138.76		12705
1399		52327.1		775276
8254		749889		26013402
5751		436129		12518220
5426		399687		11010806
3176		178987		3787045
1987		88572.1		1569402
2631		134953		2645134
610			15065.9		142322
3064		169603		3526748
7256		618082		20171131
5560		414584		11224504
6443		517169		15491852
3133		175364		3760287
6666		544249		16754547
8279		753298		25510635
4927		345839		9408205
2870		153753		2986061
6000		464758		13761181
2274		108439		2125361
3574		213664		5006947
5260		381486		10767586
5931		456764		13506097
941			28865.9		366543
9421		914420		33196955
1438		54530.4		845088
8342		761913		25480937
9613		942515		35833378
5322		388251		10500530
6410		513200		15821296
3741		228813		5317005
2274		108439		1931390
1551		61082.6		923073
115			1233.24		5528
7321		626406		20265436
8439		775241		26568017
4736		325925		8719374
9976		996402		38321613
4380		289875		7435582
2166		100806		1817816
1603		64180.1		967160
2776		146261		2915946
5276		383228		10652495
7917		704435		23512473
8743		817506		28522238
2404		117870		2221295
6139		481002		14211897
8259		750570		25774014
3021		166045		3431463
4249		276968		6809285
9962		994305		38065292
8920		842456		30260712
5780		439432		12638552
6533		528043		16292079
6439		516687		15669799
2456		121715		2237358
9378		908166		33382176
765			21158.9		228469
6913		574778		17845403
2905		156574		3142371
8304		756713		26200895
1048		33926.7		410942
9203		882865		30773089
1645		66718.9		1017922
8102		729270		25226988
3867		240470		5627725
6554		530591		16135805
6471		520544		15796029
3519		208751		4735971
7888		700568		23223597
5390		395716		11269176
6389		510681		15685230
7489		648091		21231444
9356		904972		33157158
3683		223513		5095665
2374		115670		2191273
6360		507208		14913879
6690		547191		17008027
7263		618976		19353891
2958		160878		3457221
7171		607253		19178200
7385		634638		20757202
2465		122384		2314601
3007		164892		3546935
9523		929310		33686701
3412		199303		4475582
1257		44565.9		608343
5589		417831		11802741
199			2807.24		19060
9208		883584		31854745
6911		574528		17978918
2796		147845		2822951
9473		922001		34831826
546			12758.2		130385
2006		89845.5		1535613
631			15850.5		156448
6208		489134		14728877
3509		207862		4529594
4979		351328		9051045
3329		192075		4316072
9977		996552		37566342
8708		812602		28125547
9879		981905		36626968
2181		101855		1858320
5766		437836		12831572
3198		180850		3944917
2254		107012		1900826
882			26194.1		291262
4559		307825		8031760
290			4938.52		37195
3031		166870		3591935
1487		57341.2		861119
6701		548541		16708152
7196		610431		20106329
2607		133110		2517689
3852		239072		5620439
8708		812602		28590300
8937		844866		30771099
8043		721319		24554848
2346		113630		2064988
268			4387.35		30629
5972		461508		13630025
2175		101435		1848192
1986		88505.2		1550213
2382		116255		2132071
6208		489134		14179224
1136		38288.4		515953
8451		776895		26884317
641			16228.8		169470
5413		398251		10877867
6211		489488		14558002
6824		563714		18025695
5648		424465		12392112
4518		303682		7800724
3984		251466		5763528
6802		560990		17412102
6870		569423		17597750
710			18918.5		193769
5218		376926		10279959
7110		599521		19065243
7435		641094		20848403
1200		41569.2		531099
7306		624481		20380375
6378		509362		15573407
5906		453879		12939197
8800		825513		28675949
5586		417495		11928590
1284		46009.5		649794
8205		743221		25897858
6151		482413		14432263
2474		123055		2380059
2378		115963		2136995
567			13501.3		128639
3882		241871		5647144
7554		656546		21235412
3775		231940		5241366
5616		420863		11976548
4503		302171		7712835
4956		348897		9014313
6789		559382		17231483
452			9609.65		90996
1991		88839.7		1508478
6019		466967		13333453
8843		831571		29651049
6353		506370		14831252
3237		184168		4093335
361			6859		46059
5233		378552		10482610
1959		86706.5		1452956
8573		793778		27581186
5622		421538		12176158
9933		989967		36453746
5656		425367		11739238
9897		984590		37381932
9593		939575		35523437
493			10946.4		99456
3592		215280		5035448
1578		62684.5		929005
1183		40689		552755
7665		671071		22621584
1532		59963.7		932025
4352		287100		7118979
8963		848555		29880129
5471		404669		11360998
1798		76240.3		1234828
2435		120157		2308087
6466		519940		15401011
188			2577.73		15821
5905		453764		13250495
4826		335259		8949826
3966		249764		5778371
577			13860		150528
1791		75795.5		1142460
5567		415367		11674525
8474		780068		26131765
7584		660461		21463731
8356		763832		26441965
629			15775.2		148904
7737		680548		22596071
7587		660853		21809416
9763		964661		36017070
6563		531684		16467727
3793		233601		5402871
8429		773863		26795565
9736		960663		35781611
5878		450655		13291196
1328		48394.6		645967
1053		34169.8		398828
2592		131963		2681733
7825		692192		22512285
7321		626406		20332100
1187		40895.6		558882
2910		156978		3326205
2517		126277		2518173
1243		43823.5		586715
4441		295952		7763274
5996		464293		13857031
2045		92478.3		1629763
3816		235729		5689655
6784		558764		17638264
6549		529984		16796636
8363		764792		25811014
6423		514762		15755644
1906		83211.7		1409021
4944		347630		9590754
6651		542413		17228465
1465		56073.3		860244
8040		720915		24273636
7559		657198		21314619
8313		757943		27306283
4860		338809		8770534
1503		58269.1		934129
9313		898741		32912208
1992		88906.6		1576682
8185		740505		25088591
4689		321085		8243950
9519		928725		34375203
9551		933412		34728876
1215		42351.1		599849
9378		908166		33128224
5247		380073		10539113
8855		833264		29448646
8159		736979		25099015
7442		641999		21313515
4358		287694		7052668
1155		39253		506547
9377		908021		33481134
9353		904537		32425038
382			7466.12		59162
5139		368399		9966799
7200		610940		19585895
5902		453418		13157489
7066		593964		18503548
1078		35393.9		438026
9276		893390		32301850
3425		200443		4377674
4640		316065		8297946
3326		191815		4252141
4511		302977		7927723
6651		542413		17007879
2081		94931		1589647
9240		888194		32035851
8223		745668		25610004
6260		495292		14815829
9297		896426		32871771
2521		126578		2534821
8708		812602		28814171
48			332.554		1674
4155		267828		6312391
7321		626406		20295414
7966		710985		24372605
929			28315.5		346281
9114		870089		31965934
4598		311784		8228844
2637		135415		2609040
8932		844157		30061553
5381		394725		10865032
8430		774001		26092928
3290		188710		4065638
2124		97888.5		1763562
6746		554076		17201142
8968		849265		30080920
8087		727246		24417585
6845		566318		18179677
5832		445375		13098856
9063		862796		30945285
5696		429888		11967054
187			2557.19		15690
7909		703368		23780013
4592		311174		8135640
6250		494106		15347409
4709		323142		8669238
2325		112107		2101663
7810		690203		23017068
7947		708443		24046865


Below is a table of # of comparisons per list per value. Lower compariso ratio is better as Comp Ratio of 1 = Worst Case linear search. As you can see, some of the operations have comparison ratio that is less than 0.1.

Comparison Table
# of Elements		Searched Value		if found		# of Comparison		Comparison ratio (comp/n)
6808				1590				0				588 				0.086369
8147				3066				1				1247				0.153062
8438				7651			 	1				3224				0.382081
698 				97   				0  				7     				0.0100287
780  				6827  				0  				260   				0.333333
3759 				2455  				0  				469   				0.124767
4576 				9397  				1  				2146  				0.468969
4446 				8530  				1  				1867  				0.419928
7594 				5586  				0  				2053  				0.270345
933  				7758  				0  				385   				0.412647
2543 				8034  				0  				1042  				0.409752
2304				9256  				0  				1080  				0.46875
8058				5076  				0  				2068  				0.256639
6055				5486  				0  				1685  				0.278282
3969				681   				0  				145   				0.0365331
2244				9206  				0  				1042  				0.464349
1442				5782  				0  				434   				0.300971
9406				2312  				0  				1083  				0.115139
4803				2794  				1  				645   				0.134291
5752				1998  				1  				567   				0.0985744
4469				1245  				0  				316   				0.0707093
4955				7025  				1  				1722  				0.347528
9198				8596  				1  				4012  				0.436182
417 				4461  				0  				94    				0.22542
6085				1632  				1  				502   				0.0824979
9672				3847  				1  				1923  				0.198821
8756				226   				0  				114   				0.0130196
5998				9335  				0  				2778  				0.463154
2063				7025  				0  				754   				0.365487
2494				4678  				0  				619   				0.248196
4976				1760  				0  				419   				0.0842042
2663				1908  				0  				248   				0.0931281
9193				5192  				1  				2400  				0.261068
9236				5949  				0  				2760  				0.298831
7485				2408  				0  				899   				0.120107
5772				2290  				1  				721   				0.124913
8548				2210  				0  				902   				0.105522
5517				9857  				1  				2695  				0.48849
1183				1285  				0  				77    				0.0650888
4579				3523  				0  				830   				0.181262
249 				3149  				0  				52    				0.208835
278 				1813  				0  				31    				0.111511
4004				9269  				0  				1852  				0.462537
194 				8684  				0  				89    				0.458763
9098				7054  				0  				3237  				0.355792
3452				4880  				0  				866   				0.250869
2329				6980  				0  				810   				0.347789
542 				8151  				0  				226   				0.416974
7861				6695  				0  				2692  				0.34245
9112				7523  				1  				3414  				0.374671
7407				5116  				1  				1920  				0.259214
6789				9809  				1  				3377  				0.497422
2430				7832  				0  				995   				0.409465
928 				3994  				0  				187   				0.201509
7835				1365  				1  				509   				0.0649649
737 				8675  				0  				332   				0.450475
8536				1014  				1  				418   				0.0489691
6984				2295  				1  				758   				0.108534
28  				4178  				0  				11    				0.392857
4317				2182  				0  				455   				0.105397
4374				583   				0  				156   				0.0356653
688 				5578  				0  				188   				0.273256
3875				1404  				0  				278   				0.0717419
7459				7651  				0  				2877  				0.385709
9848				574   				0  				283   				0.0287368
2029				3726  				1  				360   				0.177427
7765				6192  				1  				2425  				0.312299
9046				8776  				0  				3914  				0.432677
4966				4415  				1  				1104  				0.222312
6451				2327  				1  				746   				0.115641
8830				4924  				0  				2182  				0.247112
4166				6406  				1  				1366  				0.327892
620 				4796  				0  				180   				0.290323
9880				1779  				0  				929   				0.0940283
7805				8154  				1  				3214  				0.411787
1837				95    				1  				15    				0.00816549
3991				7064  				1  				1449  				0.363067
6897				7135  				1  				2456  				0.356097
3793				7404  				0  				1373  				0.361983
7724				7263  				1  				2793  				0.3616
3012				5269  				1  				827   				0.274568
9250				3511  				1  				1616  				0.174703
7588				5938  				0  				2253  				0.296916
1976				3086  				0  				278   				0.140688
1406				4939  				0  				347   				0.246799
4201				9004  				0  				1986  				0.472745
3249				4361  				0  				713   				0.219452
9211				1328  				1  				627   				0.0680708
6572				3365  				1  				1161  				0.176659
7276				4831  				0  				1732  				0.238043
7400				4655  				1  				1669  				0.225541
5928				8743  				0  				2600  				0.438596
9743				3619  				1  				1792  				0.183927
45  				9143  				1  				27    				0.6
814 				4782  				0  				198   				0.243243
1324				9809  				0  				674   				0.509063
2483				9368  				0  				1189  				0.478856
8723				9617  				1  				4234  				0.485383
8944				9963  				1  				4466  				0.499329
5660				4121  				1  				1149  				0.203004
5055				8088  				0  				2084  				0.412265
8028				1194  				1  				478   				0.0595416
5590				4645  				0  				1286  				0.230054
9933				1847  				0  				960   				0.0966475
4007				5025  				0  				1012  				0.252558
8567				2479  				0  				1073  				0.125248
1427				1443  				0  				104   				0.0728802
9287				7108  				0  				3339  				0.359535
6361				5480  				1  				1808  				0.284232
3498				7953  				1  				1362  				0.389365
6889				5036  				1  				1766  				0.256351
3211				6878  				0  				1126  				0.35067
1060				6064  				0  				323   				0.304717
3677				7429  				1  				1348  				0.366603
3826				8395  				0  				1634  				0.427078
8467				8299  				1  				3533  				0.417267
4654				8978  				0  				2062  				0.44306
5612				1833  				0  				512   				0.0912331
7878				9214  				0  				3582  				0.454684
133 				2466  				0  				23    				0.172932
8053				7661  				1  				3087  				0.383335
3569				3590  				0  				634   				0.177641
1602				1480  				0  				133   				0.0830212
5165				3376  				0  				842   				0.16302
9099				9225  				0  				4186  				0.460051
2143				8001  				1  				873   				0.407373
7702				125   				1  				49    				0.00636198
5836				6927  				1  				2049  				0.351097
9554				7459  				1  				3502  				0.366548
2137				5362  				0  				631   				0.295274
6983				5237  				1  				1873  				0.268223
2974				3442  				0  				546   				0.183591
7223				3648  				0  				1355  				0.187595
3816				8956  				0  				1733  				0.45414
2377				4881  				1  				616   				0.25915
556 				9726  				0  				266   				0.478417
2523				5740  				0  				723   				0.286564
3099				6092  				0  				931   				0.300419
8183				2971  				1  				1217  				0.148723
3202				3263  				0  				525   				0.16396
9544				574   				1  				254   				0.0266136
2900				3174  				0  				467   				0.161034
3544				7532  				0  				1350  				0.380926
2810				2526  				1  				384   				0.136655
3936				3605  				0  				725   				0.184197
3935				823   				0  				155   				0.0393901
5216				250   				0  				79    				0.0151457
2866				3065  				0  				453   				0.15806
3090				2062  				0  				322   				0.104207
4412				974   				0  				253   				0.0573436
5226				2649  				1  				750   				0.143513
5257				4426  				0  				1162  				0.221039
5877				2235  				0  				693   				0.117917
6024				7847  				0  				2371  				0.393592
9041				5463  				0  				2523  				0.279062
3048				5165  				0  				755   				0.247703
224 				6173  				0  				89    				0.397321
1752				4518  				0  				401   				0.228881
9216				9347  				0  				4275  				0.463867
9133				9278  				1  				4178  				0.457462
6079				173   				0  				64    				0.010528
1862				7546  				0  				725   				0.389366
3459				507   				0  				96    				0.0277537
7900				100   				1  				46    				0.00582278
6392				8600  				1  				2735  				0.427879
3821				5297  				0  				978   				0.255954
9149				6112  				0  				2799  				0.305935
6666				5282  				0  				1760  				0.264026
132 				3626  				0  				27    				0.204545
6437				2531  				0  				798   				0.123971
3905				4176  				0  				763   				0.195391
4046				1329  				1  				294   				0.0726644
5317				1064  				0  				278   				0.0522851
1802				8337  				0  				803   				0.445616
9693				6498  				0  				3194  				0.329516
2895				4219  				0  				606   				0.209326
4863				2954  				1  				752   				0.154637
1054				9174  				0  				484   				0.459203
8326				3267  				1  				1334  				0.160221
1716				9868  				0  				870   				0.506993
5858				5864  				0  				1733  				0.295835
7795				1266  				0  				522   				0.066966
6095				3317  				1  				1003  				0.164561
1802				1888  				1  				164   				0.09101
4495				7589  				1  				1739  				0.386874
8483				5834  				1  				2481  				0.292467
7726				4888  				1  				1876  				0.242816
7638				9474  				0  				3605  				0.471982
2915				9281  				1  				1360  				0.466552
9977				423   				1  				248   				0.0248572
2264				7450  				1  				860   				0.379859
8767				3792  				0  				1750  				0.199612
2847				3544  				0  				542   				0.190376
96  				4614  				0  				29    				0.302083
64  				4874  				0  				27    				0.421875
808 				6090  				0  				284   				0.351485
3040				1739  				1  				260   				0.0855263
2633				324   				0  				47    				0.0178504
8497				5637  				1  				2360  				0.277745
5556				2461  				0  				690   				0.12419
8760				7195  				0  				3123  				0.356507
8059				5163  				1  				2120  				0.26306
2732				4215  				1  				614   				0.224744
7560				2008  				1  				780   				0.103175
5412				7549  				0  				2074  				0.383222
4977				2151  				1  				564   				0.113321
9694				7342  				0  				3549  				0.366103
5188				5464  				0  				1428  				0.275251
4156				6719  				0  				1380  				0.33205
7367				375   				0  				143   				0.0194109
7276				7683  				0  				2795  				0.38414
6835				5733  				1  				1962  				0.287052
1389				734   				0  				62    				0.0446364
783 				4559  				0  				196   				0.250319
9521				15    				1  				17    				0.00178553
8781				4769  				0  				2165  				0.246555
5700				9600  				1  				2754  				0.483158
6200				5704  				0  				1814  				0.292581
1563				3775  				0  				320   				0.204734
9632				117   				1  				71    				0.00737126
1234				4421  				0  				276   				0.223663
3354				1845  				0  				324   				0.0966011
7793				5202  				0  				2057  				0.263955
2455				9135  				0  				1157  				0.471283
5886				6500  				1  				1947  				0.330785
4658				9669  				1  				2238  				0.480464
4956				9825  				0  				2379  				0.480024
430 				6960  				0  				146   				0.339535
6724				7629  				0  					 2589				0.385039
8015				6182  				1  				2474  				0.308671
1214				9355  				0  				553   				0.455519
7407				1647  				1  				654   				0.0882949
7519				4313  				1  				1650  				0.219444
9212				2335  				1  				1106  				0.120061
5153				8875  				1  				2345  				0.455075
3664				7102  				0  				1323  				0.361081
3968				1500  				1  				304   				0.0766129
408 				1631  				0  				38    				0.0931373
2512				932   				0  				120   				0.0477707
2035				5919  				0  				598   				0.293857
2390				2927  				0  				364   				0.152301
7725				9452  				1  				3657  				0.473398
9085				2909  				1  				1390  				0.152999
9951				3873  				0  				1852  				0.186112
7370				5573  				0  				2092  				0.283853
7958				4513  				1  				1780  				0.223674
2120				2734  				1  				304   				0.143396
8600				5851  				1  				2536  				0.294884
2565				5984  				0  				764   				0.297856
3053				9368  				0  				1442  				0.472322
916 				7025  				1  				344   				0.375546
6274				6241  				1  				1939  				0.309053
4394				9379  				0  				2087  				0.474966
1614				4109  				0  				331   				0.205081
7355				1311  				1  				485   				0.0659415
4769				5867  				0  				1395  				0.292514
9775				3100  				1  				1513  				0.154783
6632				7502  				1  				2452  				0.369723
1905				3724  				1  				353   				0.185302
7442				663   				0  				215   				0.0288901
5406				2193  				1  				571   				0.105623
3973				8047  				0  				1596  				0.401712
7396				525   				1  				183   				0.0247431
2688				9875  				0  				1331  				0.495164
5356				1384  				1  				399   				0.0744959
1369				193   				0  				27    				0.0197224
6697				9225  				0  				3070  				0.458414
4741				8108  				0  				1926  				0.406243
1821				9225  				0  				835   				0.458539
8378				907   				0  				399   				0.0476247
8278				3342  				1  				1366  				0.165016
2245				8050  				0  				888   				0.395546
1420				6334  				0  				461   				0.324648
647 				1573  				0  				51    				0.0788253
185 				5144  				0  				58    				0.313514
2252				4047  				1  				443   				0.196714
4362				6585  				0  				1481  				0.339523
29  				9098  				0  				23    				0.793103
115 				1574  				0  				15    				0.130435
9724				5965  				1  				2951  				0.303476
2267				1361  				0  				178   				0.0785179
7235				3038  				0  				1145  				0.158258
2444				2461  				0  				307   				0.125614
9243				6329  				0  				2948  				0.318944
3080				9405  				0  				1451  				0.471104
1323				2270  				0  				152   				0.11489
6690				4572  				0  				1578  				0.235874
7553				6927  				0  				2687  				0.355753
9078				4756  				0  				2195  				0.241793
8757				5993  				1  				2647  				0.302272
4431				3084  				1  				719   				0.162266
5988				3891  				1  				1157  				0.19322
90  				8426  				0  				42    				0.466667
1396				4379  				0  				298   				0.213467
1172				8807  				0  				518   				0.44198
4178				9256  				0  				1966  				0.47056
4078				7567  				1  				1525  				0.373958
9703				3852  				0  				1901  				0.195919
8579				5809  				1  				2498  				0.291176
9377				4506  				1  				2101  				0.224059
8892				4368  				1  				1940  				0.218174
9617				3356  				0  				1619  				0.168348
3175				9497  				1  				1489  				0.468976
8004				9650  				1  				3772  				0.471264
8504				4692  				0  				1962  				0.230715
1894				2668  				0  				283   				0.149419
7069				6411  				1  				2251  				0.318433
1756				5183  				0  				452   				0.257403
3058				3796  				0  				581   				0.189993
271 				9973  				0  				158   				0.583026
4273				3630  				0  				767   				0.179499
3578				2439  				0  				450   				0.125769
93  				9176  				0  				55    				0.591398
2502				2110  				0  				254   				0.101519
5708				1277  				1  				373   				0.0653469
3784				6288  				0  				1237  				0.326903
2422				9152  				0  				1104  				0.455822
6432				4528  				1  				1482  				0.23041
2112				4279  				0  				462   				0.21875
1861				9854  				1  				912   				0.490059
5328				3637  				0  				964   				0.180931
3291				1898  				1  				363   				0.110301
1690				1506  				0  				117   				0.0692308
4161				5825  				1  				1176  				0.282624
9248				6409  				1  				2964  				0.320502
6641				5725  				0  				1888  				0.284295
5566				122   				1  				40    				0.00718649
6193				2336  				0  				719   				0.116099
3678				529   				0  				98    				0.0266449
6617				672   				1  				237   				0.0358168
8344				6140  				0  				2604  				0.312081
4880				5900  				0  				1429  				0.292828
133 				6625  				0  				63    				0.473684
7542				6288  				0  				2394  				0.317422
1818				491   				0  				45    				0.0247525
6256				5619  				0  				1715  				0.274137
592 				4345  				0  				144   				0.243243
2589				131   				0  				21    				0.00811124
6774				4677  				0  				1559  				0.230145
9853				9649  				1  				4694  				0.476403
713 				8523  				0  				330   				0.462833
560 				9029  				0  				254   				0.453571
3025				5672  				0  				832   				0.275041
8611				8230  				0  				3605  				0.418651
3226				3380  				0  				567   				0.175759
4830				5450  				0  				1380  				0.285714
4451				3838  				0  				893   				0.200629
1458				8065  				0  				608   				0.41701
773 				8514  				0  				366   				0.47348
8569				71    				1  				35    				0.00408449
6917				7013  				1  				2430  				0.351308
6676				3182  				0  				1001  				0.14994
9959				931   				0  				452   				0.0453861
1677				4549  				1  				362   				0.215862
5445				1695  				1  				458   				0.0841139
5631				2761  				0  				798   				0.141716
7491				5517  				1  				2071  				0.276465
6569				4433  				1  				1519  				0.231238
6441				2650  				1  				847   				0.131501
5458				4978  				0  				1359  				0.248992
1709				9663  				0  				830   				0.485664
9409				8295  				1  				3898  				0.414284
7429				4668  				0  				1739  				0.234083
2328				2019  				1  				257   				0.110395
2736				760   				0  				107   				0.0391082
246 				6883  				0  				90    				0.365854
7907				1595  				1  				636   				0.0804351
5826				2032  				1  				602   				0.10333
8730				4412  				1  				1910  				0.218786
5106				6965  				0  				1834  				0.359185
5521				8273  				0  				2267  				0.410614
9783				7830  				0  				3848  				0.393335
3658				384   				1  				81    				0.0221432
3479				9344  				0  				1584  				0.455303
437 				1978  				0  				79    				0.180778
8484				2194  				1  				953   				0.112329
8206				3351  				0  				1398  				0.170363
6813				9106  				0  				3140  				0.460884
5386				7908  				0  				2138  				0.396955
5737				5701  				0  				1665  				0.290221
8805				9654  				0  				4369  				0.496195
6433				5652  				1  				1757  				0.273123
1950				4095  				0  				377   				0.193333
9973				4182  				1  				2080  				0.208563
8234				3004  				0  				1236  				0.150109
5426				4549  				0  				1236  				0.227792
6009				7426  				1  				2280  				0.379431
5519				1411  				0  				397   				0.0719333
7481				7847  				0  				2930  				0.391659
6466				3608  				0  				1195  				0.184813
3662				9789  				0  				1771  				0.483616
4759				8990  				0  				2197  				0.461652
1243				536   				0  				43    				0.0345937
7273				1201  				1  				446   				0.0613227
5964				3190  				1  				998   				0.167337
3148				7953  				1  				1242  				0.394536
5714				4729  				1  				1340  				0.234512
1280				1706  				0  				106   				0.0828125
3684				8759  				0  				1670  				0.453312
2311				1131  				0  				129   				0.05582
5567				7152  				1  				2005  				0.360158
1676				1299  				0  				107   				0.0638425
7254				3960  				1  				1464  				0.20182
6233				1053  				1  				322   				0.0516605
9051				2860  				1  				1301  				0.143741
1564				3736  				1  				294   				0.18798
5620				463   				1  				133   				0.0236655
8965				3954  				1  				1811  				0.202008
3912				3173  				1  				602   				0.153885
4320				814   				1  				181   				0.0418981
6067				7717  				0  				2308  				0.380419
6905				3158  				1  				1120  				0.162201
2819				9156  				0  				1302  				0.461866
6826				3520  				0  				1227  				0.179754
5115				1650  				1  				452   				0.0883675
2612				512   				0  				69    				0.0264165
594 				4389  				0  				123   				0.207071
599 				2158  				0  				73    				0.12187
9714				8865  				1  				4381  				0.450999
4679				8294  				1  				1970  				0.42103
3356				41    				0  				11    				0.00327771
4171				2208  				0  				489   				0.117238
7405				3691  				0  				1378  				0.18609
8228				317   				0  				164   				0.0199319
7303				4496  				0  				1642  				0.224839
3950				7363  				0  				1470  				0.372152
7900				2200  				1  				890   				0.112658
35  				6703  				0  				14    				0.4
4268				5121  				1  				1060  				0.24836
9785				2093  				1  				1009  				0.103117
3208				835   				0  				160   				0.0498753
4708				7212  				0  				1785  				0.379142
5219				8025  				1  				2056  				0.393945
4963				1835  				0  				469   				0.0944993
472 				3968  				0  				99    				0.209746
4664				9623  				0  				2265  				0.485635
6620				7172  				0  				2426  				0.366465
70  				5554  				0  				29    				0.414286
5075				6205  				0  				1660  				0.327094
6259				6293  				1  				2023  				0.323215
6345				187   				0  				73    				0.0115051
7892				544   				0  				202   				0.0255955
538 				1987  				0  				55    				0.10223
2227				9990  				0  				1140  				0.511899
195 				1675  				0  				23    				0.117949
4378				9748  				0  				2126  				0.48561
4609				2447  				0  				599   				0.129963
4991				2049  				0  				533   				0.106792
5085				3365  				1  				877   				0.172468
5356				2016  				0  				566   				0.105676
7901				9575  				0  				3885  				0.49171
4347				785   				1  				173   				0.0397976
8021				9551  				1  				3834  				0.477995
4116				4901  				1  				1026  				0.249271
6716				5101  				1  				1726  				0.256998
9659				205   				0  				123   				0.0127342
9235				2925  				1  				1391  				0.150623
8769				2812  				0  				1232  				0.140495
2213				6886  				1  				778   				0.351559
6613				154   				0  				47    				0.00710721
8706				1681  				1  				733   				0.0841948
1681				9118  				0  				753   				0.447948
3523				2188  				1  				408   				0.11581
8204				8275  				1  				3413  				0.416017
4574				708   				0  				182   				0.0397901
1005				4688  				0  				265   				0.263682
8318				1894  				1  				809   				0.097259
6856				5418  				1  				1864  				0.271879
8554				8926  				1  				3836  				0.448445
1186				2994  				1  				182   				0.153457
7826				1690  				1  				728   				0.0930233
1092				1375  				1  				84    				0.0769231
5989				2999  				0  				921   				0.153782
7957				6802  				0  				2701  				0.33945
542 				4803  				0  				127   				0.234317
9709				6287  				1  				3096  				0.318879
2011				9592  				1  				966   				0.480358
2221				5520  				0  				627   				0.282305
5972				7993  				0  				2433  				0.407401
8062				9804  				0  				3959  				0.491069
6628				7977  				0  				2702  				0.407664
988 				8432  				0  				435   				0.440283
9552				4589  				0  				2195  				0.229795
2569				133   				0  				24    				0.00934216
3491				682   				1  				119   				0.0340877
3095				9102  				0  				1408  				0.454927
3932				8785  				1  				1714  				0.43591
8777				5158  				1  				2288  				0.260681
4347				1537  				0  				351   				0.0807453
6052				2172  				1  				663   				0.109551
4166				453   				0  				102   				0.0244839
2327				1462  				0  				206   				0.088526
3756				4152  				1  				814   				0.21672
2715				1189  				0  				172   				0.0633517
6121				971   				0  				299   				0.0488482
4967				8919  				1  				2228  				0.44856
4830				9439  				1  				2263  				0.46853
23  				1833  				0  				9     				0.391304
1803				4690  				0  				428   				0.237382
9205				7902  				0  				3571  				0.387941
4342				4373  				0  				937   				0.215799
1290				2407  				0  				159   				0.123256
6009				1884  				0  				597   				0.099351
1660				5022  				1  				422   				0.254217
9197				5532  				1  				2522  				0.27422
4458				3685  				0  				846   				0.189771
7680				8026  				1  				3058  				0.398177
8186				3581  				1  				1495  				0.182629
9351				6008  				0  				2806  				0.300075
7676				4334  				1  				1612  				0.210005
6354				7981  				0  				2483  				0.390777
4615				4617  				1  				1059  				0.229469
7526				1121  				1  				436   				0.0579325
6727				5     				0  				5     				0.000743273
5211				6079  				1  				1581  				0.303397
3677				8682  				0  				1587  				0.431602
382 				1416  				0  				30    				0.078534
9493				6082  				1  				2916  				0.307174
9230				4980  				1  				2302  				0.249404
4357				6520  				0  				1451  				0.333027
9803				8873  				1  				4438  				0.452719
4990				6084  				0  				1507  				0.302004
7261				5980  				1  				2197  				0.302575
2936				7888  				0  				1181  				0.402248
4538				5822  				0  				1365  				0.300793
6822				4453  				0  				1536  				0.225154
9931				951   				1  				469   				0.0472259
9141				9470  				0  				4323  				0.472924
1759				8445  				0  				799   				0.454235
6219				2544  				0  				773   				0.124297
6013				7110  				1  				2069  				0.344088
2318				2225  				0  				260   				0.112166
2543				6718  				1  				825   				0.32442
8054				8536  				1  				3428  				0.425627
6253				1829  				0  				585   				0.0935551
2501				5338  				1  				695   				0.277889
1034				4153  				0  				223   				0.215667
5639				7491  				0  				2084  				0.369569
8009				3868  				0  				1551  				0.193657
5014				5861  				0  				1464  				0.291982
6109				5387  				0  				1665  				0.272549
6455				2947  				1  				958   				0.148412
6461				6500  				0  				2094  				0.324098
8132				60    				1  				41    				0.00504181
4600				365   				0  				78    				0.0169565
4584				438   				0  				105   				0.0229058
7273				4022  				1  				1423  				0.195655
3547				2977  				0  				539   				0.151959
412 				400   				0  				17    				0.0412621
6338				792   				1  				272   				0.0429157
9953				6830  				1  				3398  				0.341405
8866				5504  				1  				2419  				0.27284
4209				4052  				0  				866   				0.20575
1549				8855  				0  				658   				0.42479
4794				1490  				1  				383   				0.0798915
7043				9909  				0  				3490  				0.495527
7826				4408  				1  				1733  				0.221441
6156				7728  				0  				2438  				0.396036
3575				2802  				1  				503   				0.140699
5099				7772  				0  				1895  				0.371641
6301				1035  				1  				323   				0.0512617
6768				3847  				0  				1294  				0.191194
6813				346   				0  				132   				0.0193747
3076				6374  				0  				1003  				0.326073
6738				9198  				0  				3112  				0.461858
3250				4863  				0  				751   				0.231077
3957				8428  				0  				1669  				0.421784
8438				4548  				1  				1878  				0.222565
6153				245   				0  				64    				0.0104014
4933				3428  				0  				851   				0.172512
4997				8946  				0  				2288  				0.457875
1087				4923  				0  				268   				0.24655
4649				2531  				0  				590   				0.126909
5740				9044  				1  				2609  				0.45453
6558				384   				0  				128   				0.0195181
6613				2786  				0  				892   				0.134886
2138				5079  				0  				550   				0.25725
9358				3427  				0  				1622  				0.173328
2048				7672  				1  				805   				0.393066
8346				8496  				1  				3518  				0.421519
4440				3173  				1  				699   				0.157432
5908				8413  				0  				2486  				0.420785
5154				3095  				1  				774   				0.150175
5100				9191  				0  				2363  				0.463333
6043				3965  				0  				1216  				0.201225
6569				9300  				1  				3056  				0.465215
8492				1725  				1  				782   				0.0920867
4886				2153  				0  				519   				0.106222
5260				8575  				1  				2264  				0.430418
6466				1893  				1  				606   				0.093721
8510				1375  				0  				613   				0.0720329
9634				7582  				1  				3664  				0.38032
9866				8196  				0  				3957  				0.401074
4234				4849  				1  				1049  				0.247756
6415				6864  				0  				2285  				0.356196
7195				8361  				1  				2947  				0.40959
7306				5793  				0  				2103  				0.287846
1150				2105  				0  				115   				0.1
8243				9544  				1  				3933  				0.477132
2884				7921  				0  				1168  				0.404993
5892				9486  				1  				2840  				0.48201
193 				3983  				0  				49    				0.253886
1115				491   				0  				29    				0.026009
3847				2736  				0  				527   				0.13699
6156				7796  				0  				2480  				0.402859
400 				3795  				0  				67    				0.1675
8480				7676  				1  				3229  				0.380778
9209				6600  				1  				3121  				0.338908
3497				6990  				1  				1239  				0.354304
3085				5279  				0  				805   				0.26094
9576				1532  				1  				715   				0.0746658
2116				2215  				1  				253   				0.119565
9015				311   				1  				141   				0.0156406
9348				821   				0  				393   				0.0420411
8048				2502  				1  				982   				0.122018
9161				5892  				1  				2641  				0.288287
8784				1753  				0  				796   				0.0906193
3332				9112  				0  				1520  				0.456182
2399				2939  				1  				369   				0.153814
2117				903   				0  				97    				0.0458196
9991				7415  				1  				3611  				0.361425
3840				4614  				0  				894   				0.232813
9750				8269  				0  				3977  				0.407897
1821				7367  				0  				676   				0.371225
8250				8836  				1  				3618  				0.438545
4667				4879  				0  				1141  				0.244483
5837				2819  				0  				839   				0.143738
2025				7660  				0  				775   				0.382716
5241				5086  				1  				1289  				0.245945
3505				3780  				0  				667   				0.1903
6791				971   				1  				322   				0.0474157
3736				9526  				0  				1858  				0.497323
5722				5078  				0  				1465  				0.256029
5708				5556  				0  				1536  				0.269096
664 				4456  				0  				160   				0.240964
2095				181   				0  				28    				0.0133652
6940				1027  				1  				347   				0.05
3229				4053  				0  				656   				0.203159
5619				2917  				1  				883   				0.157145
3177				8861  				0  				1423  				0.447907
9139				6659  				1  				3124  				0.341832
2461				4616  				0  				584   				0.237302
7202				3561  				0  				1289  				0.178978
5582				6971  				1  				1942  				0.347904
4864				3205  				1  				758   				0.155839
7031				1267  				1  				417   				0.0593088
9901				8409  				1  				4212  				0.425412
5220				4163  				0  				1039  				0.199042
3277				9132  				0  				1543  				0.470857
6452				7450  				1  				2337  				0.362213
7988				8292  				1  				3280  				0.410616
1465				2454  				0  				172   				0.117406
722 				8525  				0  				302   				0.418283
1231				5915  				0  				346   				0.281072
9558				6356  				1  				3113  				0.325696
520 				7014  				0  				195   				0.375
3410				2209  				0  				434   				0.127273
5305				5650  				0  				1498  				0.282375
1904				9538  				0  				923   				0.484769
3476				6257  				0  				1062  				0.305524
5754				1294  				1  				375   				0.0651721
5945				5961  				0  				1792  				0.30143
5049				5830  				0  				1457  				0.288572
5672				6192  				0  				1827  				0.322109
7447				592   				1  				217   				0.0291393
3242				7911  				0  				1337  				0.4124
1506				4484  				0  				367   				0.243692
2360				7359  				0  				866   				0.366949
8005				3012  				1  				1207  				0.150781
5585				5746  				0  				1675  				0.29991
8443				1830  				1  				786   				0.0930949
6922				3408  				1  				1156  				0.167004
8110				8089  				1  				3337  				0.411467
777 				5701  				0  				214   				0.275418
4779				7199  				0  				1722  				0.360326
3859				1829  				0  				348   				0.0901788
2162				5088  				0  				587   				0.271508
866 				6863  				0  				327   				0.377598
8500				6529  				1  				2802  				0.329647
2868				8720  				0  				1265  				0.441074
6892				9374  				0  				3204  				0.464887
9344				151   				1  				72    				0.00770548
9   				2863  				0  				4     				0.444444
7752				5028  				0  				2077  				0.267931
3489				1371  				1  				252   				0.072227
3157				2306  				0  				382   				0.121001
3469				8616  				1  				1499  				0.432113
3727				3282  				0  				603   				0.161792
8323				1419  				0  				601   				0.0722095
4636				4167  				0  				978   				0.210958
7420				4393  				0  				1627  				0.219272
4741				8461  				0  				2003  				0.422485
2624				5592  				0  				741   				0.282393
6009				8927  				1  				2717  				0.452155
1663				1963  				0  				161   				0.096813
484 				5850  				0  				141   				0.291322
4470				9220  				0  				2012  				0.450112
9987				8271  				1  				4128  				0.413337
6772				8430  				1  				2904  				0.428825
4535				2008  				0  				468   				0.103197
8440				9382  				0  				4080  				0.483412
3684				7810  				0  				1458  				0.395765
8040				3990  				1  				1553  				0.193159
2090				1899  				0  				188   				0.0899522
5590				40    				0  				14    				0.00250447
599 				3674  				0  				127   				0.21202
6333				3331  				1  				1068  				0.16864
1985				2109  				0  				228   				0.114861
6106				9906  				1  				3058  				0.500819
8086				6952  				0  				2770  				0.342567
118 				7762  				0  				49    				0.415254
8559				1226  				1  				558   				0.0651945
3777				4679  				0  				858   				0.227164
7186				6748  				0  				2427  				0.33774
2543				8928  				1  				1088  				0.427841
2133				6969  				0  				749   				0.351149
310 				3388  				0  				72    				0.232258
6693				5480  				1  				1853  				0.276856
8610				6396  				0  				2796  				0.324739
9453				3477  				1  				1644  				0.173913
9189				9358  				0  				4294  				0.467298
5427				9888  				1  				2688  				0.495301
3359				2823  				0  				499   				0.148556
2756				7695  				1  				1084  				0.393324
4653				4745  				0  				1127  				0.242209
4631				333   				0  				88    				0.0190024
1193				9414  				0  				588   				0.492875
4953				6890  				1  				1705  				0.344236
6551				1659  				0  				514   				0.0784613
7655				8710  				0  				3381  				0.441672
6859				2543  				0  				935   				0.136317
1490				3987  				0  				289   				0.19396
1810				1664  				0  				172   				0.0950276
5551				9737  				1  				2642  				0.47595
9994				6691  				0  				3302  				0.330398
9674				5665  				0  				2757  				0.284991
2046				81    				0  				12    				0.0058651
1696				6538  				0  				551   				0.324882
398 				1469  				0  				35    				0.0879397
694 				7080  				0  				266   				0.383285
3424				7598  				0  				1282  				0.374416
5076				9880  				0  				2523  				0.497045
5996				1576  				1  				451   				0.0752168
9504				7616  				0  				3627  				0.381629
4291				1954  				0  				411   				0.0957819
6460				4188  				0  				1311  				0.202941
7958				6851  				1  				2780  				0.349334
7041				6128  				0  				2126  				0.301946
7257				6256  				0  				2204  				0.303707
8409				4277  				1  				1799  				0.213937
9940				1901  				1  				951   				0.095674
6182				1619  				0  				511   				0.0826593
3489				5167  				0  				959   				0.274864
9917				1053  				0  				515   				0.051931
8289				391   				1  				182   				0.0219568
6027				2047  				0  				637   				0.105691
8366				5237  				0  				2196  				0.262491
8391				6835  				0  				2909  				0.346681
6800				4199  				0  				1407  				0.206912
5795				2512  				0  				762   				0.131493
7900				6356  				1  				2548  				0.322532
5856				4704  				1  				1399  				0.2389
9673				8891  				0  				4319  				0.446501
99  				8077  				0  				40    				0.40404
1497				3149  				0  				234   				0.156313
2646				7511  				0  				1000  				0.377929
6090				3266  				0  				1008  				0.165517
6778				1599  				0  				550   				0.0811449
8804				5594  				1  				2420  				0.274875
8074				1407  				0  				537   				0.0665098
1443				532   				1  				43    				0.029799
8658				8881  				1  				3852  				0.444906
7011				4165  				0  				1372  				0.195692
6487				2116  				0  				698   				0.1076
9483				2506  				0  				1186  				0.125066
5456				1133  				1  				312   				0.0571848
2408				6928  				0  				816   				0.33887
8997				6736  				1  				3045  				0.338446
382 				6972  				0  				157   				0.410995
3108				5342  				0  				831   				0.267375
8633				1697  				1  				759   				0.0879185
4667				9953  				0  				2349  				0.503321
3315				6315  				1  				1075  				0.324284
5595				3061  				1  				824   				0.147274
1455				9040  				0  				688   				0.472852
3148				3286  				1  				495   				0.157243
7730				6340  				1  				2505  				0.324062
1005				7415  				0  				391   				0.389055
1744				2248  				0  				215   				0.12328
1051				5727  				0  				307   				0.292103
5656				1705  				1  				470   				0.0830976
8192				1950  				1  				804   				0.0981445
8700				2101  				1  				941   				0.108161
6049				1737  				0  				519   				0.0857993
9120				8057  				0  				3623  				0.397259
6259				2377  				1  				750   				0.119827
9759				620   				0  				295   				0.0302285
8061				222   				1  				87    				0.0107927
9054				5382  				1  				2472  				0.273028
9882				2340  				1  				1161  				0.117486
7627				9348  				1  				3575  				0.46873
1641				9756  				0  				813   				0.49543
7230				6272  				1  				2249  				0.311065
4688				3502  				0  				855   				0.182381
9477				7170  				1  				3408  				0.359607
5319				6741  				1  				1879  				0.353262
4434				7281  				0  				1588  				0.358142
4661				4272  				1  				1001  				0.214761
9895				5951  				0  				2905  				0.293583
475 				8962  				0  				250   				0.526316
7818				2011  				1  				794   				0.101561
3929				4707  				0  				969   				0.246628
152 				3081  				0  				30    				0.197368
9237				1597  				0  				802   				0.0868247
2924				4112  				0  				578   				0.197674
4574				5840  				1  				1393  				0.304547
7450				7184  				1  				2706  				0.363221
5856				7587  				1  				2180  				0.372268
5526				7088  				0  				1978  				0.357944
6935				1639  				1  				558   				0.0804614
1411				1871  				0  				143   				0.101347
2553				4938  				1  				609   				0.238543
2401				7053  				0  				868   				0.361516
9281				3497  				1  				1625  				0.175089
4613				7467  				0  				1736  				0.376328
1300				5112  				1  				363   				0.279231
8800				7536  				0  				3267  				0.37125
6568				4810  				1  				1535  				0.233709
3533				1986  				0  				371   				0.10501
1818				5694  				0  				503   				0.276678
9639				3218  				0  				1558  				0.161635
2629				1191  				0  				164   				0.0623811
8388				8248  				0  				3485  				0.415474
2076				5504  				0  				582   				0.280347
5835				2628  				0  				727   				0.124593
5800				3411  				1  				1032  				0.177931
8585				1516  				1  				679   				0.0790914
2965				8536  				1  				1293  				0.436088
6875				5671  				1  				1925  				0.28
7411				3550  				0  				1372  				0.18513
3402				9619  				0  				1678  				0.493239
652 				5754  				0  				217   				0.332822
5447				947   				0  				300   				0.0550762
4701				8845  				1  				2012  				0.427994
8513				3564  				1  				1560  				0.183249
9144				411   				0  				152   				0.0166229
4013				5301  				0  				1069  				0.266384
3624				686   				0  				127   				0.0350442
519 				2717  				0  				65    				0.125241
7137				241   				0  				111   				0.0155528
5029				7859  				0  				2037  				0.405051
7264				161   				1  				71    				0.00977423
4090				1924  				1  				425   				0.103912
424 				2372  				0  				67    				0.158019
7401				8230  				1  				3042  				0.411026
1070				7476  				0  				398   				0.371963
6178				562   				0  				169   				0.0273551
3156				3326  				0  				512   				0.162231
4238				6440  				0  				1344  				0.317131
3453				7135  				0  				1230  				0.356212
5252				8272  				0  				2196  				0.418126
8977				4070  				1  				1846  				0.205637
5391				2405  				1  				658   				0.122055
199 				1112  				0  				15    				0.0753769
2554				9441  				0  				1194  				0.467502
6663				5603  				1  				1855  				0.278403
7921				3367  				0  				1348  				0.170181
3559				515   				0  				105   				0.0295027
4591				3935  				0  				898   				0.1956
8979				9491  				0  				4311  				0.48012
9240				356   				1  				168   				0.0181818
3569				6203  				1  				1097  				0.307369
1965				5079  				0  				502   				0.255471
7954				899   				1  				370   				0.0465175
2942				2347  				1  				341   				0.115908
7885				8842  				0  				3498  				0.443627
2197				1086  				1  				133   				0.0605371
9998				7161  				1  				3505  				0.35057
2229				787   				1  				102   				0.0457604
6814				3062  				1  				1030  				0.151159
1769				5494  				0  				480   				0.27134
2844				5143  				1  				703   				0.247187
6947				8126  				1  				2870  				0.413128
848 				6165  				0  				248   				0.292453
5051				7660  				0  				1938  				0.383686
7738				9790  				0  				3793  				0.490178
9612				9836  				1  				4729  				0.491989
2846				2484  				0  				361   				0.126845
2300				5380  				0  				632   				0.274783
2851				7099  				0  				1019  				0.357418
8120				6983  				1  				2837  				0.349384
1259				1277  				0  				103   				0.081811
1310				3653  				0  				270   				0.206107
9872				3671  				1  				1806  				0.182942
5687				6720  				0  				1918  				0.33726
2814				5384  				0  				781   				0.277541
4516				1696  				1  				428   				0.0947741
3974				3612  				1  				733   				0.184449
244 				8664  				0  				116   				0.47541
8884				1956  				0  				851   				0.0957902
1371				1196  				0  				72    				0.0525164
4026				5266  				0  				1049  				0.260556
3306				1188  				0  				193   				0.0583787
8823				3366  				0  				1436  				0.162756
3178				98    				0  				21    				0.00660793
8849				6256  				1  				2819  				0.318567
2419				359   				1  				41    				0.0169492
957 				1099  				0  				58    				0.0606061
1045				1513  				0  				105   				0.100478
9118				775   				1  				344   				0.0377276
6217				9903  				1  				3097  				0.49815
8211				6399  				0  				2623  				0.31945
3546				2793  				0  				491   				0.138466
7611				6792  				0  				2563  				0.336749
3874				2864  				1  				547   				0.141198
1477				963   				0  				74    				0.0501016
9556				4078  				0  				1941  				0.203118
9475				7288  				1  				3446  				0.363694
7559				7217  				0  				2686  				0.355338
83  				6531  				0  				30    				0.361446
4455				7031  				0  				1526  				0.342536
8122				2399  				1  				997   				0.122753
3778				757   				1  				158   				0.0418211
5561				356   				0  				97    				0.0174429
6544				659   				0  				217   				0.0331601
5585				3313  				0  				929   				0.166338
5648				19    				0  				11    				0.00194759
6871				5505  				0  				1923  				0.279872
6634				359   				0  				143   				0.0215556
9505				9800  				0  				4637  				0.487849
3595				472   				0  				93    				0.0258693
9497				4179  				0  				2000  				0.210593
6731				26    				0  				9     				0.0013371
5323				558   				0  				180   				0.0338155
4525				9982  				0  				2275  				0.502762
6085				629   				1  				224   				0.0368118
4053				7198  				0  				1483  				0.365902
4214				6182  				0  				1303  				0.309207
3160				829   				0  				132   				0.0417722
2038				4969  				0  				509   				0.249755
1017				8008  				0  				400   				0.393314
4999				9719  				1  				2447  				0.489498
7537				2008  				0  				802   				0.106408
4686				1470  				0  				346   				0.073837
6948				3096  				0  				1079  				0.155296
2339				7465  				0  				879   				0.375802
4202				944   				0  				195   				0.0464065
5637				5497  				0  				1563  				0.277275
7514				1696  				0  				682   				0.0907639
1068				7236  				0  				403   				0.377341
7286				6235  				1  				2205  				0.302635
3192				2769  				0  				459   				0.143797
2826				597   				0  				93    				0.0329087
242 				3644  				0  				40    				0.165289
291 				2410  				0  				53    				0.182131
3965				9272  				1  				1893  				0.477427
9635				451   				1  				207   				0.0214842
4395				2008  				0  				446   				0.101479
8066				8463  				1  				3415  				0.423382
2708				2675  				0  				369   				0.136263
6018				6234  				1  				1938  				0.322034
5808				4726  				0  				1368  				0.235537
8666				4240  				0  				1836  				0.211862
5521				5479  				1  				1550  				0.280746
1863				2433  				0  				233   				0.125067
3470				2227  				1  				402   				0.11585
7246				6287  				1  				2314  				0.319349
1203				5261  				0  				314   				0.261014
7742				2566  				1  				1084  				0.140015
8968				6640  				0  				2952  				0.32917
8674				2156  				0  				965   				0.111252
5348				7018  				0  				1861  				0.347981
7765				4320  				0  				1661  				0.213909
1401				6119  				0  				402   				0.286938
4538				6178  				0  				1440  				0.31732
4474				8592  				0  				1959  				0.437863
6958				5323  				1  				1890  				0.27163
4727				6144  				1  				1428  				0.302094
9893				3608  				0  				1784  				0.18033
175 				251   				0  				7     				0.04
2333				9754  				0  				1139  				0.488213
4467				848   				0  				185   				0.0414148
5564				4250  				0  				1184  				0.212797
9561				8747  				0  				4118  				0.430708
3486				971   				0  				189   				0.0542169
7979				8231  				0  				3351  				0.419977
1820				5107  				0  				437   				0.24011
8277				2537  				1  				1077  				0.13012
8275				5570  				0  				2388  				0.28858
7793				960   				0  				398   				0.0510715
4962				1297  				0  				304   				0.0612656
4962				5128  				0  				1304  				0.262797
2329				4998  				0  				578   				0.248175
894 				1631  				0  				83    				0.0928412
1645				4878  				0  				429   				0.26079
6247				2384  				0  				778   				0.12454
9943				4689  				1  				2335  				0.234839
5570				8811  				1  				2492  				0.447397
6371				4052  				0  				1261  				0.197928
1427				5462  				0  				394   				0.276104